 1.1949574 -0.029114 2.3196014  1.562218 -4.811975 -0.038382 -2.287719 0.1881609 -0.127408 0.9523102 -2.274654   -1.5635 -1.069042  1.769412 1.9463221 0.5939038 1.0371265 2.3596147 -1.432569 -0.216027
 -4.312679 0.5052376 -4.953118 -2.017467 3.1236983  -0.58619 6.4670454 -0.854955 -1.661715 -2.014337 0.4267886 1.9483455 0.3013217 -0.480264 -0.582615 -1.109056 -0.965615 0.1537729 -0.073142 -3.051813
 -0.268569 -2.003851 2.4191402 -0.217867 -2.301722 -3.416309 1.2880177 0.3911224 -1.477783 -2.509285 0.9679554  -1.07014 -2.468101 -1.510211 -0.479042 1.8718918 -1.048542 -2.673959  2.195468 -1.408032
 -5.563888 0.1612203 -2.026209  -0.73173 -1.610981 0.1483093 -3.551512 -0.012724 2.4926265 -1.546879 1.8169419 0.5575127 0.0114164 -0.786298 0.8383593 2.2495288 0.3292154  -1.60404 1.9059528 1.2124145
 1.7659881 0.9984593 -3.795715 2.0077756 0.2833994 -2.959798 -0.443715 -1.442558 0.5503214 -0.963609 0.7652173 -1.640985 1.8564607 2.1685838 0.2234616 -3.159723 1.0322802 0.2653938 1.3616481  -5.27967
 -1.084258 -3.008628  1.296275 0.0767834 2.2955345 -0.354115 -1.198019 1.3227426 -2.306402  -1.39891 1.8986818 -0.838275 1.8651766 -3.807421 -3.989102 -1.908782  1.183105 -2.585126 -0.315461 3.0898549
 -0.381528 0.5023377 2.2292402 -1.446325 0.6872879 0.2934922 -1.948886 0.3608401 -1.028468 0.6324073   -0.2845 2.9903374  0.237738 -0.909571 0.6424935 0.7869421 0.6724639 1.0261281 0.3771355 -0.052378
 -1.771697 -1.425496 -0.546529 1.4659806 -0.589588 -7.133171 -2.923754  1.496991 0.8197131 -2.243378 1.2620824  -2.08054 -0.589874 0.8224849 -0.567131 5.2226203 0.2470779 0.9469863   0.76374 0.1267982
  -2.09553  0.361091 3.1374619 -0.602819 3.9106047 1.1715456 -2.255457 -0.280082 1.0394519 -4.133539   -0.3031 0.8440353 4.0443064 -2.975506 2.7422901  0.830926 1.5521765 -2.805074 -0.826571 -2.615769
 0.1647185 -2.425387 -0.570802 0.8233584  -1.75908 2.3492653 -0.395864 0.7964218 2.6486496 -0.611789 -0.785209 3.5506593 0.6570239 -1.083943 1.1964527 3.0324935 1.6364362 -1.602963 -1.127797 1.5678376
  1.110612 -1.049854 0.4574763 -1.487313 2.5437094 0.1171044 -0.530767 1.6543496 -2.179006  0.204807 -2.215769 -1.730797 0.0076069 2.3572345 1.5871378 0.7107727 2.2438897 1.0782531 0.6668203 4.1083989
  0.749686 -2.229946 -1.335826 -0.775593 -1.261161    -0.513 1.2401935 -2.387833  -0.64099 -0.262496  -1.30295 1.3105146 -3.164115 -3.363721 -1.146956 4.8555803 2.4992374  0.886919 1.2649459 1.4423726
  0.312377 -1.334127 0.4610466 -2.230556 -1.603327 4.6254954 -0.018998 -1.673711 1.7676097 0.6972934  -0.55029  1.167792 3.5139189 1.1345649 -1.589128 -0.021723 1.5162157 3.0243367 -3.319337 -1.146174
 -1.684489 1.9288012  -2.78483 2.0566462 0.6231258 1.7508512  0.468062 0.1201287  -2.88002 3.7854374 1.2709846 1.0936046 -1.239976 2.8815243 -3.096396 -2.261998 3.6001199 0.0911641 0.5966731  2.206877
 -2.650206 -0.821248 -1.968597 -2.225841  -1.04083 -1.973899 -1.520799 -4.550476 1.6518167  -3.38531 1.7637427 1.7112197 2.5616864 -0.514829  0.480618 -2.238148 -2.158498 -1.803373 -0.238356 0.3076339
 3.8312358 -1.261243  -2.59548 -1.582923 -2.007945 -2.954562 -0.640582 5.3381335 -3.494003 -1.137235 -1.440096 3.5846924 -1.144944 2.3018208 3.1518081  0.962065 -1.085546 1.3383575 -2.614064  -0.95575
 1.1552777 3.0940711 0.2393482 -4.146313 -0.179211 -0.949476 -1.936785 1.7551326 -0.486503 0.0843301 -0.950251 -0.530981  -0.93465  -1.99053 -2.810702 1.2348969 0.2812229 -0.833717 2.1367545 -3.714969
 -2.577049 -1.350003 0.0214923 1.9432583 0.0942309 -3.008421 0.2287726 0.0477906 -0.435998 1.2941296 -2.048327 -1.037686 -1.234027 -0.910031 -1.184672 -0.897353 0.6090033 -2.786269 -3.324756 0.6212327
 -2.409131 2.9939229 -1.607228  -1.61575 0.8012737 2.4710638  -0.04691 -0.270791 1.5767576 2.6404324 0.0989122 -4.043436 -0.144448 -1.865561 -0.368902 2.4629224 0.8678452 3.0546722 -2.324886 -1.237234
 -1.378429 -3.088844 1.1052162 -0.473211 2.2391823 1.9404613 -1.384287 0.5609082   -0.3644 0.5989698 -2.481721 -1.202283 -0.812627 -1.114463 2.0234814 -1.241837 -1.212013 -1.008424 -2.265416 2.9778595
 -1.348541 -1.948125 2.1448595 -0.461652 -2.650072 4.1140432 -0.895598 0.2774278 -2.060183 -1.166795 -0.144758 -1.544698 -1.145282 2.1575888 -2.212199  1.646254 0.3505062 0.3774577 -0.914039 1.2014784
 0.9253242 0.5176727 0.1337992 -2.651142 -0.248912 -0.498438 -1.621623 -3.376508 1.7469707 -0.335617 4.4781802 3.6512577 2.9119457 -1.787134 -2.232733  1.690431 -0.520323 -0.736674  -1.19438 1.8197199
 0.4749732 -0.938626 -0.541257 -1.183554 -1.223302 -0.885348 -1.011023 0.0142502 -2.862999 0.3046942 -2.148161  -5.31217 -0.123354 -1.907798 3.5966326 1.5857521 -0.029645 3.7535166 -1.784043 3.9472153
 -1.509781 0.1388582 -0.633453 -1.167787 0.1349618 -1.199273 0.9555056 0.6980434  4.549677 1.2238027 -5.502288 -0.246325 0.6376342 1.8228155 -2.128647 0.6465456 -0.385343  0.332315 -2.787208 1.8509739
 -1.742407 -0.766167 -0.636539 -1.569896 1.2184816 2.3734067 -1.718546 -0.293555 -3.135141 0.6075887 1.1579621 -0.351287 0.1854849 -0.509352 2.4618735 -0.564191 -2.220294 -0.601923 0.5559208 -2.048715
 0.4149408 0.3093169 -1.090938 -2.947675 2.6001017 3.0803313  0.200505  0.377091 -0.073548 -0.324301 -3.608438 -5.033926 0.6153595 0.6185444 -0.187683 1.5282994 2.6191654 -2.047003 -2.091959  -1.98346
 0.5958962 -2.725125 -2.893066 -0.927808 -1.780115 -0.567668 1.4444406 0.7920418 -2.977661 -1.285048 1.4253952 -2.410741 0.9679233 0.5125279 1.3289345  2.226614  -0.85958 -2.214531 0.4934216 0.0063659
 -3.381898 0.1424117 0.0177679 1.2382662 -0.332058 0.7930853 0.8673686 -0.589989  -0.40345 4.0800116 -0.424404 -5.749456 0.9683441 1.6654013 2.6760259 0.0549711 -0.563143 0.5794971 1.6807156 -0.001218
 -0.000918 -1.214021 2.5000477 -0.773467 0.9539858 1.6259799 -3.206086 -1.849901 -1.270138 3.1703659 0.9667957 5.1842021 -1.181352  -0.95725 1.2773549  -1.93482 -2.863398 -0.041661 -3.443969 -0.747529
 -0.492656 -3.010682 3.2979516  -1.78661 -0.661416 1.4076636 2.0975899 -1.186263 -0.335332 -1.123745 -1.559927 5.1017631 1.2295831 1.4355699 0.0407376 1.0563526  0.985114 3.9781776 -1.341967 1.9870924
 2.0641127 2.0655127 3.0442982 -0.087771 -0.964389 0.6693029 3.3703272 -0.016739 -0.052894 -0.265082 -1.141561 -1.593589 -1.142352 0.8905911 -1.304131 0.8324157 -2.592269 2.5156296 0.3590772 -1.898476
 -0.352472 -0.246376 2.3437033 1.5971137 1.1682375 0.0941265 -0.982032 -1.198643 -2.835413 0.9265335 -0.575032 -0.082617 1.4069017 0.0030482 -0.642824 2.2698505 -0.865013 0.2977836 0.3330815 -1.158706
 0.1406354 1.2210351 1.0239795 1.3873326 0.1458522 -3.247147 2.8517204 -2.882479 4.1634485 -0.733114 1.7204522 1.5883017  1.972646  0.044449 2.4741919 -0.477384 -0.264712 -2.183093 -0.050866 0.7138082
 2.1853841    0.4179 5.1896846 -1.436757 1.3326085 5.5366881 -1.387611 0.8281419 1.6679617 -3.880417 -2.252153 1.1296288 1.1801635 -2.299007 -1.766709 -0.691255 0.1460156 -1.788718 -1.763793 -2.320697
 -0.919603 1.3713036 1.1880182 -2.408268 2.4017018 -2.754001 1.2882556  2.083637 1.7698927 -1.447141 2.1175116 -0.851948 0.7209442 1.9671834 -1.691556 -0.050577 1.3543366  0.172541 -0.379037 0.3064356
 2.2151494 -0.990624 -0.313159 -1.922028 0.8868807 0.1493596  -0.76527 -0.259929 -1.740708 1.0115048 -4.872945 -0.516511 -0.725415 1.6006482 -1.215414 -1.205133 3.1469573 -0.117188 0.5843268 0.6211099
 -1.982644  1.185268 0.7719203 1.1320309 -2.673777 0.1289458  -2.70901 -4.642571 1.2013085 -0.167897 0.8855436 0.3007246 -0.908903 -1.806249 -0.898202 -2.632037 3.5131187 -2.516142 -3.392348 -1.133955
 -1.930733 1.8666828 0.6368376 -0.031863 0.6496275   3.92009 1.6705791 4.7520563 -2.245424 -1.605506 -0.197459 3.7358234  -1.57531 0.8405251  2.374824  -0.07982 -0.790132 0.1253498 -0.072849 -0.090229
 0.3711286 1.1794318 -2.166551 -0.047182 -0.379697 -1.043317 -1.420034 0.3328366 -1.414357 -0.472039 -1.172004 -1.116568 1.4017871  2.474652 2.4032971 -0.193335 0.8094454 0.8736263 -2.669295 -1.509023
 0.1242501 0.2697511 2.8052345 1.5957459 2.9032894 1.0623886 -0.976308 1.1076982 4.5125861  1.263659 2.3124926 2.4889451 5.1805977  0.009818 2.4772519 0.7332618 -0.630006 -0.566358 0.8586173  -1.54708
 1.3942517 1.3882192 2.1602596 -1.430645 5.9784028 0.6612963 -0.111066 1.5177815  0.046586 -1.290279 3.1847576 0.9093263 0.4180095 0.3110443 -0.832936 1.1344713 0.8448579 -4.688541 0.3788178 2.6210429
 -1.210795 2.4037047 -1.906431 -0.066116 0.4242772 0.5496917 1.9401614 1.7269571 2.5179488 -0.444368 0.6016651 0.8480586 0.6160312 -3.844817 -2.234895 1.0757878  -1.50681 2.4844605 0.3416093  -4.05657
 -2.234701 -2.161308 -2.012853 -1.695774 -0.479373 -1.452703 1.5742174  -0.70884 -2.086192 -1.326081 0.5939122 -0.024255 0.8541978 -0.846803 0.8750685 0.6750726 1.4720048 -2.908124 1.8387783 2.9213858
  -2.97434 0.4712132 -2.110466 -3.959061 3.8452477 -0.586105 1.9535021 -0.043513 3.5489539  0.143569 -1.452123 1.3047172 -2.093288 1.9570621 1.5990601 -0.607117 -1.495702 2.0480759 0.6814534 -3.058808
 -1.960267 3.9815354 1.0390887 -0.920342 -2.170183 -0.003808 2.6188371 0.0051148 -0.283053 -1.547525  -0.80702 -2.593648 -3.905125 0.1538333 0.2989751 -1.837989 0.5740484 -0.094494 -1.992612 1.3467853
 1.0285405 -1.683064 -0.172803 1.1649144  2.074825 3.8024042 -3.126539 -1.467284 -4.211776 -2.107625 2.8209506 0.9689971 0.4932791 1.0973057 2.0525777 1.2747926 1.4472542 2.4816833 0.2839374 -3.200764
 1.3847311 -2.857727 0.3058579 0.9975737 3.1939874 1.2428556 -2.163639 -0.772571 -0.449372  0.554828 -0.711078 4.3428895 -3.428874 0.3609108 0.1784086 -0.973299 0.4320852 2.0771306 2.3921628 -0.468723
 1.1137185 0.2521522 -2.789653 2.3254924  1.546027 -0.771468 -1.549424 -0.378251  0.673441  2.084069 1.9111093 0.0939796 -1.522949 -0.200348 -4.423596 2.4937585 1.5675245 0.5414944 -1.311843 -1.226344
 3.0437934 -1.553136 -1.131015 -1.928482 -4.628203  -0.79748 -1.634987 1.4383154 0.4079883 -2.827946 3.3220043 4.8102835 -2.067119 0.2041282 2.8052503 1.4591333 -0.019117 0.4131807 0.6352304 -3.830079
 -0.792086 0.8533446 -2.219064 0.6427098 -1.883164 0.1567038 -0.925887 1.0002913 -1.886013 -0.740027 2.7655779 1.2270255 -1.410667 0.7418526  0.658417 0.1954465 -0.187561 -1.572428 -0.981356 0.0969524
 -1.964963  0.092808  2.562338 -0.507499 2.0363768 -2.203144 1.3116629 -2.019172 -0.414823 -1.273597 -0.957001 2.4558302 -1.113263 -3.054844 -2.722698 4.1352474 -1.121986 0.6643963 0.1298347 1.8054516
 0.2724966 -1.081678 -2.147588 0.2207072 -0.764933  -0.99823 0.3021895 -2.604628 -0.970662 2.3397015 1.1057763 2.5348957 1.8722838 1.9088805 2.0871769 0.7672556 0.4945133 0.6739228 -0.198795 -0.662411
 -0.820841 -2.707152 -1.530787 -3.923997 1.5228277 0.6206533  5.096609 2.7191118 -1.864929 0.9585865 -1.553612 1.0720917  -0.78157 2.0631992 4.3059757 2.3568089 -1.242639 -0.736448 -0.321153 -2.160658
 -3.294162 2.9663278 -0.667196 -3.837323 3.6486863 -2.233187 0.9135143 -1.159928 -1.857881 2.1190031 1.4515013 1.0671686 2.3015276 -2.105527  0.625444  1.618371 -0.703585 1.9220554 1.1261234 1.4292709
 -3.456468 1.0513215 -1.767227  2.977333 -0.334057 -0.741648 -0.424136  -0.15015 -1.040827 -2.836181 -3.179886 -0.721392 2.5514087 -0.937297 -1.534366 -0.461315 0.9084681 -0.499369 0.1600879 -0.004736
 -0.495031 -0.597992 -1.529741 1.8562716 -0.709296 -2.543794 4.4401068 0.0401038 2.2496335 -3.199369 0.9756366 -2.721082 0.1441585 1.4279195  -2.20292 -0.212898 -1.348806 1.8075643 1.1292398  -1.56135
 -2.025578  2.095298 2.2900339 0.6078366 -1.368533 -3.025048 0.2190607 -4.513942 -1.847662 -0.163707 -0.203065 -1.220961 -0.635804  -2.99065   -1.3786 -0.652356   -2.9501 0.8216989 -0.543433 -3.327131
 1.9653202 -0.597132 1.8388838 4.2835913 0.8840238 -0.397583 -2.331073  3.305008 0.8868368 -4.109266 -1.507204 0.5978026  -0.33065 -0.163073 -0.532036 -0.838838 -0.705771 2.2854844 3.6482504 0.7311481
 1.9770646 -1.140701 5.3451035   0.97194 0.6396114  1.934289 2.0763447  1.288844  -1.45966 1.4687729 1.1233792 0.1398771 -1.446096 0.3831463 0.6929189 0.9022682 0.7753748 -1.956208 -2.141847 -0.089331
 1.7829029 0.4188567 -2.204126 2.2786515 -0.517966 3.9007244 3.2033614 -1.177968 -0.302096 5.6458318 -2.711076 -0.055165 0.2389514 -2.199228 1.7716473 -3.739051 -1.556862  3.302082 0.0235026 0.2635015
 -1.962608 -2.192024 -0.705399 1.7626242 -0.212874  -0.88111 -0.786314 -3.962657 2.5937959  -1.90213 -3.135269 0.2650336 -1.332948 2.6921378 -1.840912 1.5144109 0.9144803 -1.872223  -0.18229 0.7558583
 -1.765872 -1.091769 -2.068529 -0.111189  4.815947 -2.401429 0.3806666 -2.292441 1.0341072  -0.10765  1.114029 2.8394193 -2.777246 0.1191507 1.1118593 2.2126928  1.595401 2.5261334 -0.739528 0.8071788
 -1.172418 2.1660697  0.757159 -3.143472 -0.535851 0.1462814 0.0572213 0.7915769  -1.45548   0.45375 3.2828038   -1.6005 -1.245222 -0.953216  0.472004 -2.978079 -2.056473 -2.137849 -0.706038 5.8043611
 2.1977704 2.7781082 0.3606797 -2.845246 0.2142695 -0.519184  -0.55318 -1.866723 -1.961568 1.1430899 -0.206495  -1.13615 -3.544634 1.2218727 0.8969368 -0.534675 -1.663397 -0.437154 3.2200239 -0.202254
 -0.448886 1.8665929 0.9955946 -1.359029 2.0853752 0.1720901 -1.665408 -1.142629 2.9850424 3.5881527  -0.46099 1.1316685 1.1924272 -4.560559 -2.092615 0.6241172 -0.723554 0.7499127 6.2249248 -2.808948
 -0.827648 -3.423494 0.9487289  3.797672    1.8666 2.1507606  2.369933  0.490043  0.461713 -0.736813  -2.04819 -2.147509 2.4998886 1.2923633 -2.250496 -3.279587 -2.293931 -3.140255 0.6257505 0.4063339
 0.5049477 -2.850707 0.6046903 3.3671512  1.689209 -1.412981 2.4415248 2.5007158 0.0967125 -0.363804 1.4198478 -2.563362 -1.177033 0.0184363 -0.815148 0.7275021  -2.11542  -1.53502 -4.250781 -1.102558
 1.5858375 -1.611099 0.1544535 4.3008035  -0.56992 1.0297343 1.1674709 1.3768806 0.1320645 0.4576485 1.7500703 0.4808031 -0.613573 -0.843652 -1.699495 -0.535587 0.2221642 0.2679651 0.4264814 -0.020396
 3.4653409 0.2159675 -2.078472 -3.853276 -1.008928 -0.064221 -2.852146  2.747996 -3.741874 -1.091336 -0.410803 0.9458815 2.9252872 -2.039826 0.8540176 -2.065452 -1.742492 0.1992708 0.7649385 -1.278361
 -0.180867 2.2929093 -0.184525 0.6110078 2.2691655 0.3500627 -3.819548 0.6718907 -2.708167 -0.683845 -2.321251 -0.472533 -0.274621 1.0572844 1.3222717 -1.456369 1.0520284 -0.796234 0.6670418 1.6696559
 -2.111105   4.32926 2.3064236 -0.470929 1.6316131 0.6827665 -0.179406 1.9133215  1.415945 2.1102818 1.8454103 1.0045832 -1.838694 2.1227613 -0.449068 0.4740489 -0.213807 -1.744847 0.3258458 -1.032599
 -0.847601 2.0822199 0.7228534 2.2951907 -0.964349 -1.842638  -0.01512 3.0790325 -1.604389 -0.485425 2.5319241 0.7271855  -3.06445 0.1190055 2.7481228 0.6810891  1.239792 -1.136209 3.1405258 -0.892063
 0.2766369 0.4950673 -2.254742 0.9825376 3.4228772 -0.582883 3.2052814 2.0060165 -2.838166 -0.175262 2.6021333 -0.562985 1.0511984 -1.221601 -0.234517 0.0368758  1.447028 4.1452898  -2.55361  -4.23212
 -0.347982 -1.596018 0.5107541 2.8459983 1.2504904 -3.015699  1.804055  1.430784 2.7384139 0.6035484 0.6189001 0.3019765 1.0209425 2.6882853 -2.090791 4.2477635 0.5183057 1.2222012 0.4260702 -0.626151
 -0.312446 -1.018179 4.3950447 -0.418528 2.0501032 2.0608849 -3.314476 -0.279107 4.6052093 -0.399548 -0.398586 -1.833357 -0.918886 0.7234447 2.2216317 -0.802084 -1.743412 3.0792729 0.2198578 1.1195929
 -3.295895 0.2216748 3.5915359 -2.007442 0.6191011 3.3580351 0.0070865 -0.842386 -3.465413  2.350611 -0.493928 4.5413736 -1.425819 0.9352187 -0.384158 -1.572528 -2.329024 0.0910923 -1.536198 1.2670799
 1.0004234 -0.098741 -1.541728 -4.600035 -0.393251 -1.225667 0.5392252  -2.87156 -0.278601  -0.25252 -0.280418 -3.780527 -1.655695 4.4488975 -1.721212  -0.89048 1.0535159  -0.52759 -0.459732 -0.547124
 -1.932624 1.8424429 1.1664199 -0.394053 0.5258115 0.7352766 1.5607479 -1.442882 -1.132351 2.8690847 -0.510244 3.5718005 0.0937041 1.4215399 -4.120558 1.0960345 -3.186778 -2.461726 -2.061604 -0.157619
 -0.089682 -1.104835 -2.075283 0.5586288 -0.922736 -0.806761 -1.160044 0.2481221 -4.906276 -0.818812 -0.620608 1.2317763 2.0954702 -0.218811 1.5972501 -2.808747 0.6502645 0.5670576  -0.69596  3.242715
 4.1499298 0.5707295 -3.302016 6.6936741 0.4722585  -0.18958 4.5286813 -1.469595 0.4995836 0.9536366 -1.583254 -1.985167 1.6189679 1.5929105 3.0063768 1.5172596 0.2861831 -1.642038 -1.689673 -1.101639
 0.0667984 -0.367566 1.6207196 -0.083067 1.6321221  3.368478 1.2115988 -0.565964 0.8231946 1.5334912  0.137202 -2.874295 -0.746717 -5.399692 3.3107142 -1.606237 1.2696711 1.7466916 2.1225526 -0.674185
 -0.184858 -1.635913  1.041949 -0.127475 -3.003674 3.5468015 -5.470885 4.7705284 -0.146119 1.3052844  -0.94234  1.301547 -0.151451 -0.369712 -0.530247 -1.901152 0.3881375 2.1401409 1.7348508 2.6676368
 -0.202167  -1.86093 1.4157099 1.0059214 -1.677295 -1.309668 -0.577117 -3.610047   0.50174 -1.002277 2.1284874 5.8137761 0.9965409 1.3852287 0.5070067  3.123923 -1.562713 1.1987376 -0.236927 3.3429184
 2.1899913  -1.26128 -2.593978 -0.915211  -1.38638 -0.842175 0.1254618 0.6768339 -3.055297 -1.068166 -0.343118 -0.386139 2.9196863 -0.686912 -0.226814  -3.35648 -2.549028 0.5163182 -0.494608 -1.176995
 1.6233726 -0.839527  0.570707 1.2336626 5.2870847 4.4643808 -0.414403 0.1992732 0.8617534 2.8088507 3.4611397 -1.990079 -1.372196  2.589709 -0.495192 -1.357138 -0.920942 1.2147742 1.1304961 -0.202033
 -0.071226 -5.450233 2.7752639 -1.286315 -1.675379 0.1500138 1.2492737 3.1304414 2.5931063 -1.408483 0.4944924 0.9864424 -1.427305 -1.671646 -3.407544 -2.513115 0.8613205  -1.66362 0.1663532 0.2036826
 2.8048921 0.5061869   3.38361 2.7650292 1.5442582 1.5827165 1.3763377 -0.500464 -1.748332  0.277059 0.5457543 1.0980012 2.6613274 1.7717103  3.344718 0.8383073 0.8131978 -0.643874 1.8864532 -1.769041
 0.3969926 -0.968489 1.9908118 -1.359447 0.2982427 -2.435944 1.8806435  1.463987 -3.637904 -0.909968 2.0819327 -3.200061 -0.183166 0.6627692 -0.586512  3.859168 2.7761256 0.3450871 0.1544973 0.5507275
 1.7340194  -0.09521 -0.014949 -1.041205  0.081108 1.4775439 -1.412082 -2.195715  1.581084 -1.529412 -0.722778  -0.12329 -3.620295 1.0408338 1.9049458 2.3667594 2.3457101 1.5075926 -1.617902 -0.340025
  1.697884 -2.901664  -1.04256 -0.196347 1.9322345 -1.493582 2.5163843 0.0457374 2.7798243 -2.659407 -1.728852 -0.548692 -0.020712 -0.690407  0.392634 1.1577089 1.6551827 -0.988763 2.2709756 3.9853435
 2.6488581 1.3439224 2.4699365  -1.77009 0.8142858 -1.888875 -0.998502 0.5934899 1.0975057 -4.269152 -0.056237 2.0985805 -0.991931 0.6566109 0.2581723 1.6999881 1.8323226 1.5858419 -4.155871 -0.942253
 0.8410618 2.5093496 -2.122257 -2.007824 3.1831127 0.1995078 0.9013278 0.6369033 -1.804859 -2.117968 -0.484166 0.7269757 -1.221788 -2.639622 1.9929555  0.689599 -0.765522 3.6731763 -0.654831 2.0387043
  -0.33224 0.4581357 -0.936712 -1.291159 -1.087785 2.4572755 -0.139051 -1.653879 -1.594565 0.7198755 0.8134205 -0.381838 5.4078196 -0.843655 -1.923664  -0.26803 0.1839767 1.0262953 -1.184973 1.0842836
 -0.707743 -2.521409 -0.092002 -0.793514 0.9116575 1.0653698 -4.620962 -0.714363 1.2328863 0.6146001 -0.927674 -0.079358 -1.393121 0.0503098 2.4096492 1.7569357 -1.911995  -0.15867 0.7163893 1.9243024
 -0.633206 1.5142343 1.5074174 -1.595329  0.368627 0.7602367 -0.211899  0.307399 1.3131823 0.5135591  0.962595 1.6276241 1.1527008 -2.615543 2.8090261 0.3912938 -1.010559  -2.78335 2.0544591 -2.756589
 0.5669891 0.0891611 5.1335789 0.4144316 -0.313168 -2.866305 0.2207852 -0.706397 0.2926887 -3.818085 1.3146198 -1.797153 0.4411887 2.7398514 1.9424678  -0.03249 4.8208039 -1.147716  0.756869  -2.87614
 0.0118053 -1.028411 -3.640824 1.1246532  -1.62871 2.7710081 -3.556942 0.5158056 -0.463464 1.6104106 0.9608128 0.8961698 -1.472684 2.9519618 3.1125116 0.7786254 2.3294555 0.1474758 0.8677377 2.8322794
 -1.672424 -1.597741 -2.720833 -0.367368 -0.290427 -1.710839 -1.757502 -1.581882 0.3788169 -0.816469 -0.150539 -0.853799 -1.813143 -2.780329 -0.841188 -1.281429 -4.913107  1.704411 0.6444362 -2.433946
 -0.319761 0.1067845 2.3972308 -2.643278 2.3725007 -0.946585 2.5494372 0.8655629 -0.295704 0.7045441 -1.187475 1.7607565 1.0851398 -0.047183 1.7846265 -1.161667 -1.102686 -0.468021 1.2643772 -1.237918
 -0.306454 -1.223041 -0.664438  0.767747 0.3576181 0.2283394 2.7267766 -2.236799 -0.127523 -0.621728 -4.054109 2.4795006 2.3695577 2.5189239 1.4376079  -2.48826 0.6649153 -0.882848 -0.607729 -2.101938
  -0.19271 -0.203918 0.1445975  -0.22167 0.4188175 0.0917634 -0.006411 -0.039016 -0.216224 -0.187076 -0.011279 0.2394142 0.0083516 0.0240539 0.2166506 0.2408819 0.0497034 0.0926961 -0.103522  -0.13243

                 t  jth_xbar  xbar_bar  sss_hwma       lcl       ucl        cl       L_1       L_2
                 1  -0.19271      0.05 -0.010678 -0.045459 0.1383883      0.05       2.5       2.7
                 2 -0.203918  -0.14271 -0.158012 -0.251869 0.3295085      0.05       2.5       2.7
                 3 0.1445975 -0.173314 -0.093836 -0.173872  0.257289      0.05       2.5       2.7
                 4  -0.22167 -0.009572 -0.062597 -0.140919 0.2267767      0.05       2.5       2.7
                 5 0.4188175  -0.05781 0.0613465 -0.122092 0.2093444      0.05       2.5       2.7
                 6 0.0917634 0.0722014 0.0770919 -0.109734  0.197902      0.05       2.5       2.7
                 7 -0.006411 0.0273275 0.0188929 -0.100935 0.1897542      0.05       2.5       2.7
                 8 -0.039016 0.0029881 -0.007513 -0.094321 0.1836306      0.05       2.5       2.7
                 9 -0.216224 -0.004504 -0.057434 -0.089155 0.1788471      0.05       2.5       2.7
                10 -0.187076 -0.024525 -0.065163    -0.085     0.175      0.05       2.5       2.7
                11 -0.011279  -0.02116  -0.01869 -0.081582 0.1718349      0.05       2.5       2.7
                12 0.2394142 -0.002949 0.0576418 -0.078717 0.1691828      0.05       2.5       2.7
                13 0.0083516 0.0197054  0.016867 -0.076281 0.1669268      0.05       2.5       2.7
                14 0.0240539 0.0021582 0.0076322 -0.074182 0.1649833      0.05       2.5       2.7
                15 0.2166506 0.0018723 0.0555669 -0.072354 0.1632909      0.05       2.5       2.7
                16 0.2408819 0.0145682 0.0711466 -0.070748 0.1618034      0.05       2.5       2.7
                17 0.0497034 0.0159656 0.0244001 -0.069324 0.1604854      0.05       2.5       2.7
                18 0.0926961 0.0038629 0.0260712 -0.068054 0.1593093      0.05       2.5       2.7
                19 -0.103522 0.0053644 -0.021857 -0.066913 0.1582532      0.05       2.5       2.7
                20  -0.13243 -0.005166 -0.036982 -0.065883 0.1572994      0.05       2.5       2.7

